brand,onhand,sales_floor,stock_room
0,1695,1490,205
ARROW,486,358,128
BALI,4125,3401,724
CHAPS,699,570,129
HANES,1068,1009,59
IZOD,1,1,0
JOCKEY,5323,4599,724
LILY OF FRANCE,651,635,16
LILYETTE,148,148,0
MAIDENFORM,2823,2616,207
OLGA,1403,1304,99
PLAYTEX,1330,1227,103
PLAYTEX NURSING,319,237,82
SECRETS,508,441,67
VAN HEUSEN,1583,1398,185
VANITY FAIR,1812,1692,120
WARNERS,2343,2101,242
